   2.0000000e+00   1.1170556e+00   3.4716776e-01  -4.1514912e-01   1.2247146e+00   6.5452007e-01   1.7004534e+00   6.2291670e-01  -7.1330203e-02   3.6365145e-01  -1.1395926e-01
   2.0000000e+00  -5.3285536e-01  -1.3628598e-03  -1.5616568e-01  -1.3313193e+00  -1.0604255e+00  -1.2442874e+00  -1.2725918e+00   8.7655769e-01   1.5513685e-02  -3.0648637e-01
   2.0000000e+00  -1.0012345e+00   6.4160715e-01   6.2441874e-01  -1.7434541e+00  -6.5839007e-01   9.8541608e-01  -3.0526478e-01   2.1321885e-01   1.0182961e+00  -2.2227121e-01
   2.0000000e+00  -3.5986659e+00  -2.8961828e+00  -1.3688649e+00   6.8230872e-01   1.4469958e+00  -2.1853630e-01   9.2062264e-02  -4.9658431e-01   9.1105232e-01   1.6396178e+00
   1.0000000e+00  -2.0110769e-01  -1.8986821e+00  -6.8422088e-01  -3.6332041e-01  -1.3897033e-01   3.4528089e-01   4.6214735e-01   8.9260264e-02  -1.5838650e+00   4.7242179e-01
   2.0000000e+00   7.5781571e-01   1.1905222e+00  -2.8401861e-01  -6.6715859e-01   3.3393026e-03   5.8931877e-01  -7.3774275e-01  -4.2138963e-01  -1.5551289e+00  -1.2603971e+00
   1.0000000e+00   9.3947930e-02   1.1041161e+00  -1.3133490e+00  -1.8973489e-02  -5.8942600e-01   5.7352513e-01  -5.1503262e-01   5.7298512e-01  -6.0548160e-01  -1.9449753e+00
   2.0000000e+00  -1.1035712e+00   9.4919412e-01  -4.4907134e-01  -8.7451920e-01  -9.4434798e-01   4.4000121e-01  -8.6434325e-02   8.4096587e-01   1.5185435e+00  -1.0239854e+00
   2.0000000e+00  -8.0112420e-01   2.7373032e-01   9.5391578e-01   3.2721751e-01   8.7082852e-01   1.9140516e+00   5.3325012e-01   1.0569249e+00  -1.0497035e+00  -2.6859016e-01
   2.0000000e+00   9.8695229e-01   7.9653626e-01  -1.1118790e+00  -5.3499665e-01  -3.8642546e-01  -1.3584892e+00  -3.2432385e-01  -1.3225926e+00   1.7696277e-01  -8.2669509e-01
   2.0000000e+00  -5.4179306e-01   1.3492891e+00   3.8764687e-01  -7.6738952e-01   2.0441299e-01   8.6386888e-01  -4.9746902e-02  -4.8056827e-01  -8.6488694e-01  -3.4292744e-02
   2.0000000e+00  -1.3424551e+00   7.5704774e-01  -2.2482810e-01  -2.2124084e+00   1.3463942e-01  -9.6314176e-01   3.9381961e-01   7.4827898e-01  -5.1394351e-01   4.2326687e-02
   2.0000000e+00  -1.2021172e+00   2.1474884e-01   7.8392568e-01  -9.8319433e-02  -7.3589465e-01  -2.4418587e-01   1.3815808e+00  -9.6814461e-01  -1.1268906e+00   9.6043505e-01
   2.0000000e+00   6.6978063e-01  -1.2076392e+00   1.3197843e+00   1.1584292e+00   4.3647863e-01   1.0728865e+00   1.8393214e+00  -1.3365918e+00   8.4036517e-01   4.5984426e-01
   2.0000000e+00   7.2361725e-01   7.2375500e-01  -1.2490573e+00  -5.4128884e-01   2.1929417e+00   5.9366830e-01   1.9537964e+00   2.2816057e+00   1.4370769e+00  -4.6159245e-01
   2.0000000e+00   1.7208703e+00   6.3743017e-01   1.8421947e+00   1.5065039e+00  -2.1944186e+00   5.5934841e-01   1.0521050e-01   1.1996266e+00  -3.6070166e-01  -5.8510758e-01
   2.0000000e+00  -9.1928225e-01   6.2255178e-02  -2.7634783e-01  -2.0166356e+00   5.5759848e-01  -3.8557155e-02   1.0860497e+00   1.3276035e+00  -5.4685102e-01  -8.2053188e-02
   2.0000000e+00   4.3865873e-01   9.9727708e-01   1.2727578e+00   1.2112482e+00  -2.2262151e-01  -6.7737681e-01  -1.0486660e+00   1.4001145e+00  -1.9684613e-01   1.3089073e+00
   2.0000000e+00  -1.5219697e+00   1.5680795e+00  -8.7785595e-01  -2.3033358e+00  -5.1741249e-01  -3.6048107e-01  -1.0701685e+00   1.4785159e+00   5.9545765e-01  -2.3462526e+00
   2.0000000e+00   8.3901546e-01  -3.5047847e-01  -3.6873989e-01   3.4808798e-01   1.5002779e+00   3.0649499e-01   4.6386602e-01  -6.5739069e-01  -1.6159949e+00  -7.2111161e-01
   2.0000000e+00  -1.1260706e+00   1.6828262e+00  -3.9890850e-01  -2.2485671e-01  -1.1837642e+00   1.0035073e-01  -6.9828876e-01  -2.2429098e+00   1.4278361e+00  -2.8982658e-01
   2.0000000e+00  -8.7924395e-01   2.5427489e-01  -5.7780346e-01  -2.8257578e-01   4.6160210e-01   1.2450694e+00   4.5874126e-01  -1.4228693e+00   1.1310683e+00  -1.0903435e-01
   2.0000000e+00   3.1185279e-01  -1.3304817e-01  -5.1456294e-01  -4.2289098e-01  -1.3640105e-01  -2.2506596e-01   1.9697494e-01  -9.0075647e-01  -6.4855621e-01   4.5160233e-01
   2.0000000e+00  -6.7254538e-02  -8.7421953e-01  -8.0582874e-01  -2.0451740e+00  -5.9893095e-01   5.9701989e-01  -2.2096916e+00  -2.0827054e+00  -1.8999769e-01   1.6990608e+00
   2.0000000e+00  -1.5626707e+00  -1.7331260e+00  -1.1398288e+00  -1.5450195e-01  -1.1014803e+00   1.4431815e-01  -5.7787009e-01  -1.6013234e+00   1.0127121e+00  -1.5217983e-01
   2.0000000e+00   7.2669403e-01   6.8091071e-01   1.9278966e-01   9.8029406e-01  -1.9572111e+00  -9.1862768e-01   2.6127807e-01   4.8911666e-01  -7.6893517e-01   8.8754466e-01
   2.0000000e+00   6.4303860e-01   1.5799187e+00   1.1465057e-01   8.0845982e-01  -1.0847659e+00  -6.6575529e-02  -9.7603281e-01  -8.6886130e-01  -3.0899250e-01   6.5057046e-01
   2.0000000e+00   1.3775044e-01   1.0540240e+00  -7.1859958e-01   7.1411190e-01  -3.0861068e-01   1.1038983e+00  -7.9975798e-01  -3.6090538e-01   1.1474328e+00   5.1566299e-01
   2.0000000e+00  -1.2513180e+00  -8.5418288e-01  -4.5871834e-02  -4.3264037e-01  -1.7534562e+00   9.3093487e-01   3.6342389e-01  -1.3677578e+00  -1.0133574e+00   1.0879970e+00
   2.0000000e+00   1.3901545e+00   7.4131065e-01   6.5525509e-01   1.0064995e-01   2.0041545e-01   9.9602835e-02   2.2575137e-01  -2.5543557e-01  -2.5597380e+00   3.0256214e-02
   2.0000000e+00  -9.4661132e-01   1.9146547e+00  -3.8701680e-01   9.0375257e-01   1.9591434e+00   1.4145587e-01  -1.0669069e+00  -1.1640024e+00   1.8270807e-02  -8.0685934e-01
   2.0000000e+00  -1.8375979e+00   2.3606832e-01   2.1942157e-03  -8.4401787e-01   1.0361233e+00   5.7799367e-01   1.8784773e-01  -1.8228441e-01   1.6959097e-02  -6.0622234e-01
   2.0000000e+00   3.4003186e-01   1.2004155e+00   3.2610026e-01  -1.2642041e-01  -1.3497021e+00  -4.0449713e-01   1.5148505e-01  -4.4768516e-01  -3.3838060e-01   1.1422764e+00
   2.0000000e+00   1.0345945e+00  -7.0997890e-01   9.5522418e-03  -3.4712357e-01   4.8349055e-01  -1.0573259e-01   1.6377972e-01  -2.2225959e-01   2.3553106e-01   2.6997894e-01
   2.0000000e+00  -1.8066423e-01  -9.3807786e-01   9.0727499e-01   3.5458893e-02   1.8945403e+00  -5.9861300e-02   6.9249797e-01   1.0780826e+00   8.0583450e-01  -4.8242772e-01
   2.0000000e+00  -9.1118778e-01   7.4333146e-01   1.8448613e+00  -9.3940692e-01   1.1753640e+00  -1.1159580e+00  -4.1425133e-01   4.5313715e-01  -5.8993527e-01  -2.0003071e+00
   2.0000000e+00   1.4328866e+00   1.2972778e+00   8.0149245e-01  -8.5171924e-01   7.4246471e-01  -2.2571691e-01   1.4130493e+00   1.7614562e+00  -8.1533242e-01   1.0960344e+00
   2.0000000e+00   3.8627090e-01  -1.4550520e+00  -3.8800178e-01  -7.0787734e-01   4.0754093e-01  -1.0074730e+00  -1.8158235e+00  -1.2044661e-01  -1.0060692e-01   1.5232571e+00
   2.0000000e+00  -6.0517250e-01   7.1395269e-01  -4.1922567e-01   8.1598063e-01  -2.1836530e+00  -1.2873702e+00  -9.8065770e-01  -4.5564402e-01  -8.9300470e-01  -1.2382950e+00
   2.0000000e+00   1.0604127e+00  -6.2021606e-02   1.1274665e+00  -2.6355393e-01   6.0324005e-01  -2.0534395e+00  -6.6048892e-01  -3.8678416e-01   6.1536700e-01  -1.5106617e-01
   2.0000000e+00   6.9986102e-02  -1.1532279e-01   4.1934221e-01  -1.8653318e-01  -7.3063756e-02  -3.2625342e-01   2.1117341e-02  -1.4401522e+00   1.4943420e+00  -1.4193486e-01
   2.0000000e+00  -2.6199711e-01   1.7583403e-01   1.5276048e+00   6.6596430e-01   3.0006145e-01  -1.2164228e+00   1.9857588e+00   1.2286707e+00   4.2149563e-01  -6.6461664e-01
   2.0000000e+00   9.6324488e-01   8.2837645e-01  -3.6283838e-01  -3.3051930e-01  -7.8063961e-01   1.3720641e-01   3.1742786e-01  -5.0933577e-01   2.0237449e+00   1.0743792e+00
   2.0000000e+00   6.0141254e-01   1.4554670e+00   3.7800379e-02   1.8116882e-01  -3.4977965e-01  -4.0291492e-01   4.8830642e-01  -2.8321605e-01   3.8014003e-01   2.9084776e-01
   1.0000000e+00  -1.1221204e+00   6.6672238e-01  -2.0229729e-01   7.1675275e-01  -1.3233372e+00   5.9335759e-01  -1.8967105e+00   2.8564706e-01  -2.2096672e-01  -4.3104795e-01
   2.0000000e+00  -3.8589326e-01  -2.7394846e-01  -2.0055509e+00   1.7020807e+00  -6.9279946e-01   1.2142313e-01  -6.7786638e-01   7.6381906e-01  -3.2620067e-01   3.5488452e-01
   2.0000000e+00   5.9701812e-01   7.9468626e-01  -3.5293280e-01  -5.4168819e-01   9.1675275e-01   8.1376181e-01   1.6266322e-02  -9.6001539e-01   3.9759091e-02  -9.8931781e-01
   2.0000000e+00  -1.8629278e+00  -4.0329132e-01  -5.4456359e-01  -1.5371202e+00  -8.4197889e-01  -7.8335409e-01  -2.6049942e-01  -2.5336702e-01   4.8841566e-01  -7.2465134e-02
   2.0000000e+00  -1.6834855e+00   1.0705561e+00   5.2458832e-01   5.2370731e-01   4.5715688e-01   9.6675315e-01  -3.6909968e-02  -1.5119312e-01   1.9598654e-01  -7.4727767e-01
   2.0000000e+00  -9.1081810e-01  -9.3648779e-01   1.0910556e+00  -9.7327723e-01   2.5436200e+00   9.1506907e-01   3.7886454e-01  -4.7343202e-01  -6.3794951e-01   8.3646650e-01
   1.0000000e+00   4.4848036e-01  -5.3304886e-01   1.5079417e-01  -2.7490591e-01  -1.0712892e-01   1.0638780e+00  -3.8585592e-01   1.8257683e-01  -1.3787656e+00   6.3392561e-02
   2.0000000e+00  -9.5228482e-01   4.3154293e-01   1.2712336e-01  -1.0876531e+00   1.1500727e+00   1.1184130e-01   4.4979794e-02  -9.3031282e-01  -2.3216680e+00   1.9870721e-01
   1.0000000e+00   1.0534785e+00  -9.8404275e-01  -8.2139745e-02   4.3890426e-01   1.2408294e+00   1.7525226e+00   1.5399838e+00   6.6902925e-01  -1.0903594e-01   1.1537273e-01
   2.0000000e+00   1.2531322e+00   1.3551832e-01   2.5470223e-01   3.4943270e-01   9.7436205e-01   7.5950588e-01   4.7199652e-01  -1.0672925e+00   1.6951445e-01   5.7470940e-01
   2.0000000e+00  -9.4682466e-01  -6.1539628e-01   7.8430752e-01  -1.5455176e-01  -9.0859975e-02   3.7326695e-01  -2.4023508e-01  -5.3515939e-01  -8.8883819e-01   9.8017431e-01
   2.0000000e+00  -8.6028534e-01   1.0817249e+00  -1.0505297e+00  -2.2730926e+00   1.0585784e+00  -5.6185348e-01   1.0230753e+00   5.9862586e-01  -2.2396579e-01  -2.3979261e-01
   2.0000000e+00  -2.0583587e+00   2.4741146e-01   5.4012591e-01   2.2891537e-01   4.4849945e-01   1.9639232e+00   7.2088583e-01  -4.8959999e-01   1.6807572e+00  -7.7633304e-01
   2.0000000e+00   3.8521257e-01   1.8070026e-01  -8.5144555e-01   1.2715036e+00  -6.6189734e-01  -3.5045178e-01  -1.2386949e-01   1.2436910e+00   6.8531159e-01   1.8587744e+00
   2.0000000e+00   2.1023487e+00  -1.8093809e-01   6.5679286e-01   9.6626547e-01   1.7102631e-01   9.3179276e-01   7.2867418e-02  -2.1432001e+00  -4.5857931e-01   4.5424911e-02
   2.0000000e+00   4.2814648e-01  -7.7585631e-01  -6.9569956e-01  -3.1620324e-02  -5.2282736e-01  -1.1193791e+00  -6.7173143e-01  -2.8637045e-01  -1.4300939e+00   3.7227736e-01
   2.0000000e+00   1.5147046e+00   1.2294391e+00   2.3518821e+00  -9.5730439e-01   6.7528855e-01   4.4074495e-01  -9.9404594e-01  -6.5124364e-02   9.3938917e-01  -1.3281956e+00
   2.0000000e+00  -4.5765618e-01  -9.9097838e-02   5.0417340e-01  -9.1017237e-01  -3.6221293e-01   3.0421736e+00   9.9187217e-01  -9.7681478e-01  -1.2200000e-01  -2.0267649e-01
   2.0000000e+00   3.0891459e-01  -1.2398543e+00  -1.1982959e+00   1.4777006e+00   3.0906246e-01   6.5851413e-01   6.9765426e-01   2.8334604e-02   1.1535119e-01   8.9600611e-01
   2.0000000e+00  -6.2641971e-01   2.7531632e-01   1.4667860e+00  -1.0040377e+00  -1.5640850e+00   6.2275285e-01   2.0015114e+00   3.5543071e-02   6.3389961e-01  -3.2233205e-01
   1.0000000e+00   1.9480824e+00  -9.1632532e-02   1.4992441e+00  -5.2792835e-01   3.7166367e-01   1.6493383e+00   2.2829026e-01   1.9363323e-01  -3.9629097e-01  -1.0480258e+00
   2.0000000e+00  -2.2754953e-02  -3.8977808e-03   1.6578882e+00   8.0792690e-01   6.2307921e-01  -1.0415655e-01  -3.0608055e+00  -1.1418696e+00   1.2121161e+00  -2.4989578e-01
   2.0000000e+00  -5.9459887e-01  -1.5338982e-01  -1.6579711e+00  -2.1934999e+00   1.3432811e+00  -1.6564276e-01  -7.1500113e-01  -1.1444974e-01  -7.5486922e-01  -9.8295202e-01
   2.0000000e+00  -1.1063070e+00  -6.9051668e-01  -1.8996341e-01   1.2031374e-01  -7.9512256e-01  -4.3199452e-02   2.2595908e+00  -5.2501519e-01   6.9230387e-02   1.2060014e+00
   2.0000000e+00  -1.6487491e+00   4.5768040e-01  -5.3309475e-01  -6.4330453e-01  -1.3056304e+00  -1.3909964e+00  -5.8152113e-02  -9.0714085e-01   8.8361163e-01  -2.0061922e+00
   2.0000000e+00  -4.3353117e-02   9.3351638e-01  -3.4842023e-01  -3.5179315e-03   1.1200997e+00   1.5331710e+00   2.5855508e+00  -5.1736953e-01   4.1649156e-01   3.7946310e-02
   1.0000000e+00  -2.8265486e+00  -1.9765258e+00  -1.3187761e+00  -5.4439654e-01  -3.8042563e-01   6.0795523e-01  -6.6356273e-01   7.8174065e-02   1.2509660e+00   2.2534633e-02
   2.0000000e+00  -9.3515168e-01   8.8405644e-01  -5.8593806e-02   1.8465800e-02  -7.7382606e-01  -1.6486798e+00   6.3874685e-01   1.1854756e+00  -8.6893374e-01  -1.3704148e+00
   2.0000000e+00  -1.4613887e+00   1.2298745e+00  -1.3297098e+00   7.9895145e-01  -1.8223481e+00   4.4501819e-01  -7.5502294e-01  -8.4668287e-01   5.6562733e-01  -1.8717031e+00
   2.0000000e+00   6.0406003e-01   1.7306585e+00   8.8906732e-02  -8.5710115e-01   4.9846457e-01   4.8958470e-01   1.1095709e+00   5.7318843e-01  -1.5889524e+00   7.6602026e-01
   2.0000000e+00  -9.5553944e-01   9.3085759e-01   7.5860526e-01   2.3881233e+00  -1.6167694e-01   1.9746319e-01  -9.2971706e-02   1.4250328e+00   1.2094107e-01  -1.9763726e+00
   2.0000000e+00   4.9602901e-01   1.1935223e+00  -4.7868378e-01   7.1463990e-01   1.8293205e-01   1.0540213e+00  -4.8576326e-01   8.5725587e-01   3.1838672e-01   7.6681780e-01
   2.0000000e+00   2.8461077e-01   1.0070015e+00  -1.1206254e-01   8.6590416e-02  -2.2615557e-01   2.1208134e+00  -1.3792244e-01  -1.6276092e-01  -1.1150855e+00   1.0124745e-01
   1.0000000e+00  -4.1124603e-01  -1.9151283e+00   1.2103533e+00  -3.3473808e-01   7.5466322e-01  -2.0039809e+00   5.2951135e-03   3.3515533e-01   3.9789788e-01   2.1351553e+00
   2.0000000e+00   1.6649737e-01   1.0814589e-01  -2.6561091e+00   1.2524818e+00   1.4383051e+00  -1.1687941e+00   6.5340973e-01   1.6897364e+00  -5.8506371e-01  -1.0309758e+00
   2.0000000e+00   6.6659359e-01   6.4419318e-01   3.5298776e-01   1.3148566e+00   3.2072309e-01   1.9712188e+00  -3.8664947e-01   1.7324260e-01   1.7237988e+00  -8.3736801e-01
   2.0000000e+00   8.4961027e-01   1.3497559e+00   1.3165496e-01   1.1197212e+00   1.6064934e-01   6.0382550e-01  -2.1698758e-01  -1.4282285e-01   1.4618041e+00  -5.7926441e-01
   2.0000000e+00  -1.0149296e+00  -9.8695593e-01  -8.4997076e-01  -8.0678320e-01   4.8577020e-01   1.8423295e+00  -5.8496589e-01  -1.5881470e+00   1.1082452e-01   1.6153231e-01
   2.0000000e+00   4.2678948e-01  -6.1561489e-01  -6.7943767e-01  -2.7038623e-01   2.3911277e-01   1.8691473e-01   7.7015938e-02  -4.9545426e-01   4.9039336e-01   1.9474768e+00
   2.0000000e+00   3.4472979e-01  -1.4115583e+00  -1.4286773e+00   1.2888567e+00  -3.3802611e-01   1.5368200e+00  -1.2796797e+00   1.4718502e-01   8.1503352e-02  -4.7913109e-01
   2.0000000e+00   5.1345009e-01  -2.2987882e+00  -1.4865168e+00  -1.2425371e-01   1.0888794e-01  -7.2089271e-03  -1.1563775e+00  -1.2207640e+00   7.4098153e-01  -7.0242939e-01
   2.0000000e+00   1.1310297e+00   3.5042379e-01  -6.5308560e-02  -5.4153525e-01   3.0094892e+00   2.9711746e-01   5.8791774e-01  -3.7734780e-01  -1.0228942e+00  -1.5129241e+00
   2.0000000e+00   8.7514771e-01   6.8465928e-01   3.2869967e-01   3.7809500e-01  -3.0689365e+00   4.2027927e-01   4.7402005e-01   1.2760734e+00   1.0677712e+00  -1.1760075e+00
   2.0000000e+00   1.0908136e-01  -2.2717500e-01  -4.3439627e-01  -2.7487329e-02  -5.1262338e-01  -1.1402848e+00  -2.7024584e-01   1.6379859e+00   6.0358341e-01   2.1500169e+00
   2.0000000e+00   3.2919596e-02   5.0260627e-01   2.0510405e+00  -1.4738101e+00  -3.9425763e-01  -4.5509622e-01   1.2138479e+00   1.1968057e+00  -2.8112816e-01  -7.0780547e-01
   1.0000000e+00   3.1892684e+00   1.0514709e-01   7.6078377e-01  -2.3046083e-01   5.4660197e-01  -8.9674971e-01  -3.5293231e-02   2.7808189e-01   3.1065354e-02   8.3240794e-01
   2.0000000e+00  -1.9485202e-01  -1.4651438e+00   3.9558184e-01   1.1194327e+00  -2.4843770e-01  -4.0561402e-01   5.0042774e-01   9.6495968e-01   1.2992503e+00  -9.7325627e-01
   2.0000000e+00   4.7318008e-01  -6.3649143e-01   4.2375369e-01  -3.3361954e-01   1.5672955e+00  -1.0619955e+00  -6.2991220e-01   2.5642041e+00  -6.5337086e-01   4.3486651e-01
   2.0000000e+00  -8.6758981e-01   7.0563737e-01  -1.9645357e-01  -9.7099709e-01   3.0753203e-01  -1.6584414e-01  -1.4719611e-01   4.9933446e-01   1.5331294e+00   2.4202472e+00
   2.0000000e+00   7.0994698e-01   1.4949291e+00  -1.0734213e+00   3.3289959e-01   2.2478178e-01  -2.3817713e-01   4.0028834e-01   1.3932212e+00  -5.3467155e-01  -2.6315261e-01
   2.0000000e+00   5.1320717e-01   2.1076865e-03  -6.9850991e-01   5.0864276e-01  -2.0326456e-01  -1.4078870e+00  -4.8043655e-01   1.2434795e+00  -1.3421532e+00  -8.3862015e-01
   2.0000000e+00   1.0387697e+00  -2.1200348e+00  -2.3101889e-01  -8.8868508e-01   8.2874352e-01  -1.4220155e-01  -9.3442372e-01   6.1641736e-01  -7.2431620e-01   5.3971894e-01
   2.0000000e+00   9.3847030e-01   5.9209161e-01   3.1326780e-01   1.2354558e+00   5.2237574e-01  -1.3733663e+00   4.2200875e-01  -4.2996728e-01   1.8492411e-01  -1.8067057e+00
   2.0000000e+00  -9.5092424e-01  -1.5122099e+00  -1.5418177e+00  -4.8648007e-02  -6.7912669e-02   1.9753627e-01  -9.5093940e-01  -5.3718606e-02  -4.7633736e-01   1.0568276e+00
   2.0000000e+00   8.8557970e-01  -2.0613537e+00  -5.4043090e-02   1.5301319e+00   9.8891527e-01   2.5759373e-01   2.7832820e-01   1.3548246e+00  -1.5553498e+00   7.0220767e-01
   2.0000000e+00  -2.1004365e-01   5.8685199e-01  -5.0407248e-02  -5.5857873e-01  -1.2920363e+00   3.3094900e-01  -8.6088150e-01  -1.0321220e+00   1.2425212e+00  -5.5605070e-01
